285 241
287 194
817 405
914 459
709 169
775 359
144 296
854 123
909 416
948 427
392 71
327 558
413 197
1001 189
690 83
204 367
158 216
961 96
743 180
226 245
784 368
291 461
603 62
900 379
259 497
918 447
602 249
762 367
302 189
914 361
771 378
539 514
934 159
33 54
905 512
290 570
601 550
15 220
697 166
850 529
931 443
306 203
123 190
648 129
662 272
67 162
700 87
797 359
630 559
92 165
95 464
1015 387
149 542
192 379
257 231
127 121
181 243
304 463
852 210
453 390
583 241
977 385
532 222
216 426
152 309
241 249
964 505
784 377
330 214
708 435
259 210
1004 336
330 205
488 72
311 560
732 300
196 22
899 428
935 431
672 277
734 391
880 384
177 444
952 415
178 338
973 90
815 545
639 54
806 378
750 531
76 190
844 197
932 73
274 483
647 268
81 437
846 173
143 386
150 216
32 125