285 241
287 194
817 405
914 459
709 169
775 359
144 296
854 123
909 416
948 427
392 71
327 558
413 197
1001 189
690 83
204 367
158 216
961 96
743 180
226 245
784 368
291 461
603 62
900 379
259 497
918 447
602 249
762 367
302 189
914 361
771 378
539 514
934 159
33 54
905 512
290 570
601 550
15 220
697 166
850 529
931 443
306 203
123 190
648 129
662 272
67 162
700 87
797 359
630 559
92 165
95 464
1015 387
149 542
192 379
257 231
127 121
181 243
304 463
852 210
453 390
583 241
977 385
532 222
216 426
152 309
241 249
964 505
784 377
330 214
708 435
259 210
1004 336
330 205
488 72
311 560
732 300
196 22
899 428
935 431
672 277
734 391
880 384
177 444
952 415
178 338
973 90
815 545
639 54
806 378
750 531
76 190
844 197
932 73
274 483
647 268
81 437
846 173
143 386
150 216
32 125
359 191
59 403
131 171
215 377
208 88
916 333
42 516
185 155
161 12
63 205
68 288
189 371
432 531
268 202
204 145
476 403
959 378
760 458
857 373
87 179
849 289
172 468
824 275
220 252
89 562
570 239
516 159
415 530
71 375
141 318
169 135
263 537
483 399
321 139
575 161
973 355
630 125
193 268
922 360
847 372
393 125
639 128
812 312
1007 391
93 215
796 568
499 537
764 547
1018 367
914 484
751 173
902 371
115 166
313 13
448 153
1019 333
829 357
82 148
382 101
513 490
217 261
158 367
62 268
882 418
852 469
403 494
124 440
273 244
788 458
221 88
85 212
796 107
63 464
814 413
143 224
466 160
593 126
141 100
793 344
524 525
859 382
600 40
737 162
335 554
731 197
413 300
258 16
240 241
384 83
877 482
993 383
29 100
926 258
909 102
1014 304
862 404
149 336
528 481
986 362
13 109
171 15
912 244
58 247
351 495
441 74
462 286
985 409
732 134
906 433
77 180
185 227
160 133
954 481
568 82
316 226
707 369
669 3
967 241
822 18
365 155
325 548
1003 328
898 328
313 216
953 353
978 308
329 466
134 201
87 427
53 350
406 102
188 79
1004 367
35 545
927 348
373 509
133 267
179 105
176 150
610 515
170 162
739 170
627 101
96 413
908 352
119 235
478 95
509 73
703 216
561 28